            0.070000                    0.932058
            0.080000                    0.926602
            0.090000                    0.917250
            0.100000                    0.909139
            0.110000                    0.900888
            0.120000                    0.892861
            0.130000                    0.884955
            0.140000                    0.877193
            0.150000                    0.869565
            0.160000                    0.862069
            0.170000                    0.854701
            0.180000                    0.847458
            0.190000                    0.840336
            0.200000                    0.833333
            0.210000                    0.826446
            0.220000                    0.819672
            0.230000                    0.813008
            0.240000                    0.806452
            0.250000                    0.800000
            0.260000                    0.793651
            0.270000                    0.787402
            0.280000                    0.781250
            0.290000                    0.775194
            0.300000                    0.769231
            0.310000                    0.763359
            0.320000                    0.757574
            0.330000                    0.751888
            0.340000                    0.746239
            0.350000                    0.740851
            0.360000                    0.734882
            0.370000                    0.731465
