            0.070000                    0.933949
            0.072500                    0.932570
            0.075000                    0.930187
            0.077500                    0.928086
            0.080000                    0.925923
            0.082500                    0.923788
            0.085000                    0.921659
            0.087500                    0.919540
            0.090000                    0.917431
            0.092500                    0.915332
            0.095000                    0.913242
            0.097500                    0.911162
            0.100000                    0.909091
            0.102500                    0.907029
            0.105000                    0.904977
            0.107500                    0.902935
            0.110000                    0.900901
            0.112500                    0.898876
            0.115000                    0.896861
            0.117500                    0.894855
            0.120000                    0.892857
            0.122500                    0.890869
            0.125000                    0.888889
            0.127500                    0.886918
            0.130000                    0.884956
            0.132500                    0.883002
            0.135000                    0.881057
            0.137500                    0.879121
            0.140000                    0.877193
            0.142500                    0.875274
            0.145000                    0.873362
            0.147500                    0.871460
            0.150000                    0.869565
            0.152500                    0.867679
            0.155000                    0.865801
            0.157500                    0.863931
            0.160000                    0.862069
            0.162500                    0.860215
            0.165000                    0.858369
            0.167500                    0.856531
            0.170000                    0.854701
            0.172500                    0.852878
            0.175000                    0.851064
            0.177500                    0.849257
            0.180000                    0.847458
            0.182500                    0.845666
            0.185000                    0.843882
            0.187500                    0.842105
            0.190000                    0.840336
            0.192500                    0.838574
            0.195000                    0.836820
            0.197500                    0.835073
            0.200000                    0.833333
            0.202500                    0.831601
            0.205000                    0.829876
            0.207500                    0.828157
            0.210000                    0.826446
            0.212500                    0.824742
            0.215000                    0.823045
            0.217500                    0.821355
            0.220000                    0.819672
            0.222500                    0.817996
            0.225000                    0.816327
            0.227500                    0.814664
            0.230000                    0.813008
            0.232500                    0.811359
            0.235000                    0.809717
            0.237500                    0.808081
            0.240000                    0.806452
            0.242500                    0.804829
            0.245000                    0.803213
            0.247500                    0.801603
            0.250000                    0.800000
            0.252500                    0.798403
            0.255000                    0.796813
            0.257500                    0.795229
            0.260000                    0.793651
            0.262500                    0.792079
            0.265000                    0.790514
            0.267500                    0.788955
            0.270000                    0.787402
            0.272500                    0.785855
            0.275000                    0.784314
            0.277500                    0.782779
            0.280000                    0.781250
            0.282500                    0.779727
            0.285000                    0.778210
            0.287500                    0.776699
            0.290000                    0.775194
            0.292500                    0.773694
            0.295000                    0.772201
            0.297500                    0.770713
            0.300000                    0.769231
            0.302500                    0.767754
            0.305000                    0.766284
            0.307500                    0.764818
            0.310000                    0.763359
            0.312500                    0.761905
            0.315000                    0.760456
            0.317500                    0.759013
            0.320000                    0.757576
            0.322500                    0.756144
            0.325000                    0.754717
            0.327500                    0.753296
            0.330000                    0.751880
            0.332500                    0.750469
            0.335000                    0.749064
            0.337500                    0.747664
            0.340000                    0.746269
            0.342500                    0.744879
            0.345000                    0.743494
            0.347500                    0.742115
            0.350000                    0.740741
            0.352500                    0.739371
            0.355000                    0.738008
            0.357500                    0.736648
            0.360000                    0.735296
            0.362500                    0.733938
            0.365000                    0.732628
            0.367500                    0.731158
            0.370000                    0.730312
