            0.070000                    0.067659
            0.072500                    0.069992
            0.075000                    0.072321
            0.077500                    0.074644
            0.080000                    0.076961
            0.082500                    0.079273
            0.085000                    0.081580
            0.087500                    0.083881
            0.090000                    0.086178
            0.092500                    0.088469
            0.095000                    0.090754
            0.097500                    0.093035
            0.100000                    0.095310
            0.102500                    0.097580
            0.105000                    0.099845
            0.107500                    0.102105
            0.110000                    0.104360
            0.112500                    0.106610
            0.115000                    0.108854
            0.117500                    0.111094
            0.120000                    0.113329
            0.122500                    0.115558
            0.125000                    0.117783
            0.127500                    0.120003
            0.130000                    0.122218
            0.132500                    0.124428
            0.135000                    0.126633
            0.137500                    0.128833
            0.140000                    0.131028
            0.142500                    0.133219
            0.145000                    0.135405
            0.147500                    0.137586
            0.150000                    0.139762
            0.152500                    0.141933
            0.155000                    0.144100
            0.157500                    0.146263
            0.160000                    0.148420
            0.162500                    0.150573
            0.165000                    0.152721
            0.167500                    0.154865
            0.170000                    0.157004
            0.172500                    0.159138
            0.175000                    0.161268
            0.177500                    0.163394
            0.180000                    0.165514
            0.182500                    0.167631
            0.185000                    0.169743
            0.187500                    0.171850
            0.190000                    0.173953
            0.192500                    0.176052
            0.195000                    0.178146
            0.197500                    0.180236
            0.200000                    0.182322
            0.202500                    0.184403
            0.205000                    0.186480
            0.207500                    0.188552
            0.210000                    0.190620
            0.212500                    0.192684
            0.215000                    0.194744
            0.217500                    0.196800
            0.220000                    0.198851
            0.222500                    0.200898
            0.225000                    0.202941
            0.227500                    0.204980
            0.230000                    0.207014
            0.232500                    0.209045
            0.235000                    0.211071
            0.237500                    0.213093
            0.240000                    0.215111
            0.242500                    0.217125
            0.245000                    0.219136
            0.247500                    0.221142
            0.250000                    0.223144
            0.252500                    0.225142
            0.255000                    0.227136
            0.257500                    0.229126
            0.260000                    0.231112
            0.262500                    0.233094
            0.265000                    0.235072
            0.267500                    0.237046
            0.270000                    0.239017
            0.272500                    0.240983
            0.275000                    0.242946
            0.277500                    0.244905
            0.280000                    0.246860
            0.282500                    0.248811
            0.285000                    0.250759
            0.287500                    0.252702
            0.290000                    0.254642
            0.292500                    0.256578
            0.295000                    0.258511
            0.297500                    0.260439
            0.300000                    0.262364
            0.302500                    0.264285
            0.305000                    0.266203
            0.307500                    0.268117
            0.310000                    0.270027
            0.312500                    0.271934
            0.315000                    0.273837
            0.317500                    0.275736
            0.320000                    0.277632
            0.322500                    0.279524
            0.325000                    0.281412
            0.327500                    0.283297
            0.330000                    0.285179
            0.332500                    0.287057
            0.335000                    0.288931
            0.337500                    0.290802
            0.340000                    0.292670
            0.342500                    0.294534
            0.345000                    0.296394
            0.347500                    0.298251
            0.350000                    0.300105
            0.352500                    0.301955
            0.355000                    0.303801
            0.357500                    0.305645
            0.360000                    0.307485
            0.362500                    0.309321
            0.365000                    0.311154
            0.367500                    0.312984
            0.370000                    0.314811
