            0.070000                    0.933319
            0.075000                    0.930570
            0.080000                    0.925835
            0.085000                    0.921683
            0.090000                    0.917425
            0.095000                    0.913244
            0.100000                    0.909090
            0.105000                    0.904978
            0.110000                    0.900901
            0.115000                    0.896861
            0.120000                    0.892857
            0.125000                    0.888889
            0.130000                    0.884956
            0.135000                    0.881057
            0.140000                    0.877193
            0.145000                    0.873362
            0.150000                    0.869565
            0.155000                    0.865801
            0.160000                    0.862069
            0.165000                    0.858369
            0.170000                    0.854701
            0.175000                    0.851064
            0.180000                    0.847458
            0.185000                    0.843882
            0.190000                    0.840336
            0.195000                    0.836820
            0.200000                    0.833333
            0.205000                    0.829876
            0.210000                    0.826446
            0.215000                    0.823045
            0.220000                    0.819672
            0.225000                    0.816327
            0.230000                    0.813008
            0.235000                    0.809717
            0.240000                    0.806452
            0.245000                    0.803213
            0.250000                    0.800000
            0.255000                    0.796813
            0.260000                    0.793651
            0.265000                    0.790514
            0.270000                    0.787402
            0.275000                    0.784314
            0.280000                    0.781250
            0.285000                    0.778210
            0.290000                    0.775194
            0.295000                    0.772201
            0.300000                    0.769231
            0.305000                    0.766284
            0.310000                    0.763359
            0.315000                    0.760456
            0.320000                    0.757576
            0.325000                    0.754717
            0.330000                    0.751880
            0.335000                    0.749064
            0.340000                    0.746269
            0.345000                    0.743493
            0.350000                    0.740745
            0.355000                    0.737993
            0.360000                    0.735349
            0.365000                    0.732395
            0.370000                    0.730696
