            0.070000                    0.000000
            0.080000                   -1.091329
            0.090000                   -0.778937
            0.100000                   -0.843215
            0.110000                   -0.807087
            0.120000                   -0.798368
            0.130000                   -0.782793
            0.140000                   -0.769525
            0.150000                   -0.756092
            0.160000                   -0.743142
            0.170000                   -0.730485
            0.180000                   -0.718159
            0.190000                   -0.706140
            0.200000                   -0.694420
            0.210000                   -0.682990
            0.220000                   -0.671840
            0.230000                   -0.660960
            0.240000                   -0.650343
            0.250000                   -0.639979
            0.260000                   -0.629862
            0.270000                   -0.619981
            0.280000                   -0.610337
            0.290000                   -0.600893
            0.300000                   -0.591751
            0.310000                   -0.582502
            0.320000                   -0.574640
            0.330000                   -0.562561
            0.340000                   -0.567151
            0.350000                   -0.510430
            0.360000                   -0.683401
            0.370000                    0.000000
