            0.070000                    0.067659
            0.080000                    0.076961
            0.090000                    0.086178
            0.100000                    0.095310
            0.110000                    0.104360
            0.120000                    0.113329
            0.130000                    0.122218
            0.140000                    0.131028
            0.150000                    0.139762
            0.160000                    0.148420
            0.170000                    0.157004
            0.180000                    0.165514
            0.190000                    0.173953
            0.200000                    0.182322
            0.210000                    0.190620
            0.220000                    0.198851
            0.230000                    0.207014
            0.240000                    0.215111
            0.250000                    0.223144
            0.260000                    0.231112
            0.270000                    0.239017
            0.280000                    0.246860
            0.290000                    0.254642
            0.300000                    0.262364
            0.310000                    0.270027
            0.320000                    0.277632
            0.330000                    0.285179
            0.340000                    0.292670
            0.350000                    0.300105
            0.360000                    0.307485
            0.370000                    0.314811
