            0.070000                    0.000000
            0.072500                   -1.103406
            0.075000                   -0.802620
            0.077500                   -0.878123
            0.080000                   -0.852834
            0.082500                   -0.854588
            0.085000                   -0.849130
            0.087500                   -0.845639
            0.090000                   -0.841655
            0.092500                   -0.837836
            0.095000                   -0.834007
            0.097500                   -0.830214
            0.100000                   -0.826444
            0.102500                   -0.822700
            0.105000                   -0.818982
            0.107500                   -0.815289
            0.110000                   -0.811620
            0.112500                   -0.807977
            0.115000                   -0.804358
            0.117500                   -0.800763
            0.120000                   -0.797192
            0.122500                   -0.793645
            0.125000                   -0.790122
            0.127500                   -0.786622
            0.130000                   -0.783145
            0.132500                   -0.779691
            0.135000                   -0.776260
            0.137500                   -0.772852
            0.140000                   -0.769466
            0.142500                   -0.766102
            0.145000                   -0.762760
            0.147500                   -0.759440
            0.150000                   -0.756142
            0.152500                   -0.752865
            0.155000                   -0.749609
            0.157500                   -0.746375
            0.160000                   -0.743161
            0.162500                   -0.739968
            0.165000                   -0.736796
            0.167500                   -0.733644
            0.170000                   -0.730512
            0.172500                   -0.727400
            0.175000                   -0.724308
            0.177500                   -0.721236
            0.180000                   -0.718183
            0.182500                   -0.715149
            0.185000                   -0.712135
            0.187500                   -0.709140
            0.190000                   -0.706163
            0.192500                   -0.703206
            0.195000                   -0.700266
            0.197500                   -0.697346
            0.200000                   -0.694443
            0.202500                   -0.691558
            0.205000                   -0.688692
            0.207500                   -0.685843
            0.210000                   -0.683012
            0.212500                   -0.680198
            0.215000                   -0.677402
            0.217500                   -0.674623
            0.220000                   -0.671861
            0.222500                   -0.669116
            0.225000                   -0.666388
            0.227500                   -0.663676
            0.230000                   -0.660981
            0.232500                   -0.658302
            0.235000                   -0.655640
            0.237500                   -0.652993
            0.240000                   -0.650363
            0.242500                   -0.647748
            0.245000                   -0.645150
            0.247500                   -0.642566
            0.250000                   -0.639999
            0.252500                   -0.637446
            0.255000                   -0.634909
            0.257500                   -0.632387
            0.260000                   -0.629880
            0.262500                   -0.627388
            0.265000                   -0.624911
            0.267500                   -0.622448
            0.270000                   -0.620000
            0.272500                   -0.617566
            0.275000                   -0.615147
            0.277500                   -0.612742
            0.280000                   -0.610350
            0.282500                   -0.607973
            0.285000                   -0.605610
            0.287500                   -0.603260
            0.290000                   -0.600924
            0.292500                   -0.598602
            0.295000                   -0.596293
            0.297500                   -0.593997
            0.300000                   -0.591715
            0.302500                   -0.589446
            0.305000                   -0.587189
            0.307500                   -0.584946
            0.310000                   -0.582716
            0.312500                   -0.580498
            0.315000                   -0.578293
            0.317500                   -0.576100
            0.320000                   -0.573920
            0.322500                   -0.571752
            0.325000                   -0.569597
            0.327500                   -0.567453
            0.330000                   -0.565322
            0.332500                   -0.563203
            0.335000                   -0.561095
            0.337500                   -0.559000
            0.340000                   -0.556916
            0.342500                   -0.554844
            0.345000                   -0.552782
            0.347500                   -0.550738
            0.350000                   -0.548682
            0.352500                   -0.546722
            0.355000                   -0.544457
            0.357500                   -0.543386
            0.360000                   -0.537910
            0.362500                   -0.548924
            0.365000                   -0.498450
            0.367500                   -0.677504
            0.370000                    0.000000
