            0.070000                    0.067659
            0.075000                    0.072321
            0.080000                    0.076961
            0.085000                    0.081580
            0.090000                    0.086178
            0.095000                    0.090754
            0.100000                    0.095310
            0.105000                    0.099845
            0.110000                    0.104360
            0.115000                    0.108854
            0.120000                    0.113329
            0.125000                    0.117783
            0.130000                    0.122218
            0.135000                    0.126633
            0.140000                    0.131028
            0.145000                    0.135405
            0.150000                    0.139762
            0.155000                    0.144100
            0.160000                    0.148420
            0.165000                    0.152721
            0.170000                    0.157004
            0.175000                    0.161268
            0.180000                    0.165514
            0.185000                    0.169743
            0.190000                    0.173953
            0.195000                    0.178146
            0.200000                    0.182322
            0.205000                    0.186480
            0.210000                    0.190620
            0.215000                    0.194744
            0.220000                    0.198851
            0.225000                    0.202941
            0.230000                    0.207014
            0.235000                    0.211071
            0.240000                    0.215111
            0.245000                    0.219136
            0.250000                    0.223144
            0.255000                    0.227136
            0.260000                    0.231112
            0.265000                    0.235072
            0.270000                    0.239017
            0.275000                    0.242946
            0.280000                    0.246860
            0.285000                    0.250759
            0.290000                    0.254642
            0.295000                    0.258511
            0.300000                    0.262364
            0.305000                    0.266203
            0.310000                    0.270027
            0.315000                    0.273837
            0.320000                    0.277632
            0.325000                    0.281412
            0.330000                    0.285179
            0.335000                    0.288931
            0.340000                    0.292670
            0.345000                    0.296394
            0.350000                    0.300105
            0.355000                    0.303801
            0.360000                    0.307485
            0.365000                    0.311154
            0.370000                    0.314811
