            0.070000                    0.000000
            0.075000                   -1.099358
            0.080000                   -0.794620
            0.085000                   -0.866249
            0.090000                   -0.837169
            0.095000                   -0.835209
            0.100000                   -0.826114
            0.105000                   -0.819062
            0.110000                   -0.811591
            0.115000                   -0.804358
            0.120000                   -0.797184
            0.125000                   -0.790116
            0.130000                   -0.783139
            0.135000                   -0.776254
            0.140000                   -0.769460
            0.145000                   -0.762755
            0.150000                   -0.756137
            0.155000                   -0.749604
            0.160000                   -0.743156
            0.165000                   -0.736791
            0.170000                   -0.730507
            0.175000                   -0.724303
            0.180000                   -0.718178
            0.185000                   -0.712130
            0.190000                   -0.706159
            0.195000                   -0.700262
            0.200000                   -0.694438
            0.205000                   -0.688687
            0.210000                   -0.683008
            0.215000                   -0.677398
            0.220000                   -0.671857
            0.225000                   -0.666383
            0.230000                   -0.660977
            0.235000                   -0.655636
            0.240000                   -0.650359
            0.245000                   -0.645146
            0.250000                   -0.639995
            0.255000                   -0.634906
            0.260000                   -0.629877
            0.265000                   -0.624907
            0.270000                   -0.619996
            0.275000                   -0.615143
            0.280000                   -0.610347
            0.285000                   -0.605606
            0.290000                   -0.600921
            0.295000                   -0.596290
            0.300000                   -0.591712
            0.305000                   -0.587186
            0.310000                   -0.582712
            0.315000                   -0.578290
            0.320000                   -0.573916
            0.325000                   -0.569597
            0.330000                   -0.565305
            0.335000                   -0.561145
            0.340000                   -0.556716
            0.345000                   -0.553516
            0.350000                   -0.545947
            0.355000                   -0.554901
            0.360000                   -0.502401
            0.365000                   -0.679461
            0.370000                    0.000000
